118.22 1119.97 1.6 122.85 1121.5 1.6
49.39 967.41 1.6 55.84 1011.45 1.6
205.08 82.57 1.6 182.93 89.91 1.6
661.71 682.9 1.6 674.69 672.26 1.6
430.57 114.08 1.6 403.92 114.58 1.6
569.87 84.02 1.6 525.87 83.86 1.6
387.78 434.12 1.6 364.94 470.48 1.6
1139.25 713.06 1.6 1139.29 695.65 1.6
19.42 510.61 1.6 19.39 532.85 1.6
794.03 1180.07 1.6 823.37 1180.07 1.6
394.13 591.01 1.6 394.14 608.99 1.6
1161.16 708.18 1.6 1161.16 700.51 1.6
488.38 732.1784 1.6 490.56 734.19 1.6
805.44 1160.14 1.6 811.95 1160.14 1.6
1016.89 128.43 1.6 1010.66 125.93 1.6
755.96 677.61 1.6 759.38 669.23 1.6
517.62 83.87 1.6 473.64 83.96 1.6
239.99 141.73 1.6 226.55 149.01 1.6
435.2 1048.93 1.6 452.46 1047.71 1.6
781.63 694.56 1.6 791.77 669.7 1.6
1073.5 909.25 1.6 1080.03 870.4 1.6
435 387.3 1.6 419.81 401.68 1.6
769.42 1085.91 1.6 796.08 1085.41 1.6
39.14 760.18 1.6 39.85 805.44 1.6
273.43 21.93 1.6 246.99 24.23 1.6
400.7 61.93 1.6 381.49 62.67 1.6
934.55 99.06 1.6 889.68 91.07 1.6
256.88 1021.09 1.6 261.57 1023.57 1.6
626.25 835.99 1.6 627.24 835.71 1.6
105.89 41.39 1.6 85.69 48.62 1.6
282.06 568.85 1.6 280.63 578.16 1.6
757.45 469.44 1.6 752.53 464.42 1.6
748.3 510.47 1.6 728.15 483.41 1.6
1018.32 1109.63 1.6 1038.45 1101.3 1.6
1108.93 310.4 1.6 1100.93 265.45 1.6
487.52 392.2 1.6 467.69 406.03 1.6
726.36 83.96 1.6 682.38 83.88 1.6
542.61 513.82 1.6 526.07 527.41 1.6
120 870.38 1.6 126.04 906.99 1.6
1042.06 560.05 1.6 1043.96 536.69 1.6
280.63 578.16 1.6 280.66 621.82 1.6
1128.93 272.33 1.6 1126.79 250.64 1.6
21.93 926.57 1.6 24.23 953.01 1.6
623.49 740.04 1.6 633.45 737.46 1.6
1171.97 1026.4 1.6 1171.97 1006.58 1.6
743.97 414.48 1.6 712.97 392.44 1.6
19.39 637.19 1.6 19.39 667.15 1.6
963.52 1151.5 1.6 967.41 1150.63 1.6
800.19 646.22 1.6 805.87 608.99 1.6
447.14 39.14 1.6 439.82 39.14 1.6
1179.38 353.4 1.6 1179.38 324.86 1.6
266.74 45.54 1.6 236.49 48.52 1.6
364.29 627.23 1.6 374.62 672.35 1.6
506.1 154.85 1.6 486.36 152.83 1.6
751.18 684.98 1.6 755.96 677.61 1.6
554.73 800.46 1.6 591.01 805.86 1.6
689.25 748.52 1.6 717.56 727.34 1.6
820.59 1084.15 1.6 850.18 1082.05 1.6
1094.34 1111.39 1.6 1110.59 1091.89 1.6
881.95 474.84 1.6 871.33 451.39 1.6
872.3 1134.5 1.6 900.62 1132.77 1.6
1138.07 799.31 1.6 1138.69 765.56 1.6
645.82 399.8 1.6 609.01 394.11 1.6
526.07 527.41 1.6 511.44 546.52 1.6
612.56 114.68 1.6 587.44 114.68 1.6
365.11 730.06 1.6 367.06 732.83 1.6
182.03 128.98 1.6 175.87 133.34 1.6
875.14 20.62 1.6 846.6 20.62 1.6
1011.57 1073.2 1.6 1020.6 1069.46 1.6
1180.6 585.03 1.6 1180.61 562.81 1.6
310.43 91.07 1.6 265.46 99.09 1.6
1027.14 28.12 1.6 1006.85 28.12 1.6
713.06 1139.26 1.6 747.65 1138.97 1.6
364.01 626.25 1.6 364.29 627.23 1.6
1160.85 447.14 1.6 1160.85 439.82 1.6
835.71 572.79 1.6 825.37 527.66 1.6
48.52 236.49 1.6 45.54 266.68 1.6
837.23 86.8 1.6 832.24 86.63 1.6
328.77 1042.25 1.6 349.86 1044.66 1.6
818.51 62.67 1.6 799.31 61.93 1.6
293.02 126.02 1.6 282.02 127.99 1.6
434.44 61.31 1.6 400.7 61.93 1.6
556.52 60.72 1.6 539.17 60.65 1.6
382.48 152.01 1.6 349.88 155.37 1.6
978.4 111.37 1.6 945.55 102.29 1.6
110.9 1055.28 1.6 123.3 1074.57 1.6
572.07 738.95 1.6 581.5 740.82 1.6
510.61 1180.58 1.6 532.85 1180.61 1.6
1043.97 663.3 1.6 1042.06 639.96 1.6
440.08 532.45 1.6 429.73 562.72 1.6
425.68 591.67 1.6 426.02 610.35 1.6
626.17 554.37 1.6 618.72 550.41 1.6
508.79 113.68 1.6 482.56 113.75 1.6
73.2 250.63 1.6 71.05 272.34 1.6
785.31 354.69 1.6 767.39 343.52 1.6
729.59 364.69 1.6 727.97 363.95 1.6
299.39 67.24 1.6 272.32 71.08 1.6
364.33 405.63 1.6 353.47 416.23 1.6
1073.99 293.03 1.6 1072.03 282.01 1.6
496.88 614.05 1.6 506.85 646.35 1.6
694.25 898.88 1.6 710.82 892.54 1.6
61.93 400.69 1.6 61.31 434.44 1.6
672.02 374.53 1.6 627.38 364.31 1.6
1043.96 536.69 1.6 1045.13 506.11 1.6
872.99 604.73 1.6 872.99 595.27 1.6
111.54 84.5 1.6 107.57 87.04 1.6
152.01 817.52 1.6 155.37 850.12 1.6
272.32 71.08 1.6 250.64 73.22 1.6
845.31 785.23 1.6 855.59 768.78 1.6
1064.01 1164.64 1.6 1075.11 1164.64 1.6
747.65 61.02 1.6 713.06 60.74 1.6
405.22 731.21 1.6 416.48 747.82 1.6
704.96 603.97 1.6 706.02 599.13 1.6
61.31 765.56 1.6 61.93 799.3 1.6
795.79 365.4 1.6 785.31 354.69 1.6
450.25 738.71 1.6 454.71 742.88 1.6
914.01 43.85 1.6 912.08 43.85 1.6
1100.81 935.84 1.6 1108.87 890.28 1.6
551.7 38.78 1.6 543.95 38.78 1.6
1134.5 327.7 1.6 1132.77 299.39 1.6
765.56 61.31 1.6 747.65 61.02 1.6
647.47 580.23 1.6 626.17 554.37 1.6
402.24 656.52 1.6 409.2 672.15 1.6
49.32 232.81 1.6 48.52 236.49 1.6
1175.77 246.99 1.6 1175.77 222.58 1.6
691.21 113.67 1.6 664.99 114.24 1.6
872.3 65.49 1.6 850.42 63.77 1.6
933.42 1154.46 1.6 963.52 1151.5 1.6
790.53 838.89 1.6 815.94 818.45 1.6
1012.9 88.27 1.6 995.13 82.64 1.6
394.56 1160.15 1.6 439.82 1160.85 1.6
41.24 863.33 1.6 43.86 912.08 1.6
1160.14 388.05 1.6 1158.75 341.59 1.6
532.85 1180.61 1.6 562.81 1180.61 1.6
910.31 531.17 1.6 898.93 505.78 1.6
1047.16 486.35 1.6 1047.68 452.48 1.6
726.36 1116.04 1.6 734.47 1115.97 1.6
84.02 577.95 1.6 84.02 622.05 1.6
1047.17 713.64 1.6 1045.15 693.9 1.6
1109.97 47.88 1.6 1072.39 34.62 1.6
157.93 327.97 1.6 155.32 349.85 1.6
1180.07 405.98 1.6 1180.07 376.63 1.6
627.38 364.31 1.6 626.26 364 1.6
114.59 796.08 1.6 115.84 820.59 1.6
689.39 19.42 1.6 667.15 19.39 1.6
713.06 60.74 1.6 695.65 60.71 1.6
439.82 39.14 1.6 394.56 39.85 1.6
266.54 1154.46 1.6 285.99 1156.16 1.6
114.68 612.56 1.6 114.37 639.43 1.6
38.78 551.7 1.6 38.79 596.13 1.6
1010.66 125.93 1.6 978.4 111.37 1.6
767.42 389.04 1.6 731.05 365.83 1.6
656.53 797.77 1.6 670.09 791.73 1.6
996.2 978.4 1.6 1016.67 950.4 1.6
800.04 553.48 1.6 797.75 543.49 1.6
208.99 1118.46 1.6 216.12 1119.48 1.6
906.97 1073.99 1.6 917.99 1072.03 1.6
379.36 516.98 1.6 373.84 529.97 1.6
512.7 709.6975 1.6 540.8 728.01 1.6
98.08 1037.26 1.6 110.9 1055.28 1.6
560.56 1085.62 1.6 587.44 1085.31 1.6
382.5 1048.02 1.6 400.17 1047.91 1.6
1086.48 456.71 1.6 1085.91 430.58 1.6
1161.16 499.49 1.6 1161.16 491.81 1.6
113.68 691.21 1.6 113.75 717.44 1.6
799.82 1047.89 1.6 817.53 1047.97 1.6
1152.55 87.67 1.6 1118.44 52.12 1.6
1116.13 674.13 1.6 1115.98 630.12 1.6
1118.49 116.2 1.6 1114.6 109.92 1.6
973.88 149.05 1.6 960.69 141.9 1.6
834.95 729.79 1.6 835.21 729.47 1.6
43.85 285.99 1.6 43.85 287.92 1.6
117.17 1119.0322 1.6 118.22 1119.97 1.6
65.5 872.3 1.6 67.24 900.61 1.6
222.58 24.23 1.6 192.59 28.11 1.6
777.8 800.43 1.6 793.44 785.97 1.6
432.16 763.7214 1.6 418.11 797.14 1.6
722.03 762.9 1.6 731.96 756.27 1.6
282.02 127.99 1.6 256.17 135.5 1.6
444.72 733.11 1.6 450.25 738.71 1.6
630.13 1115.98 1.6 674.13 1116.14 1.6
226.55 149.01 1.6 201.83 162.91 1.6
1075.11 1164.64 1.6 1094.38 1158.78 1.6
115.82 379.4 1.6 114.57 403.93 1.6
664.99 1085.75 1.6 691.21 1086.32 1.6
189.73 1074.91 1.6 225.01 1089.74 1.6
131.05 179.37 1.6 127.22 185.12 1.6
963.51 48.52 1.6 933.3 45.54 1.6
1156.14 287.92 1.6 1156.14 286 1.6
622.05 84.02 1.6 577.95 84.02 1.6
147.48 229.06 1.6 141.3 240.66 1.6
446.55 682.33 1.6 452.99 691.49 1.6
108.1 149.35 1.6 95.9 167.68 1.6
293.06 1074.05 1.6 329.61 1080.02 1.6
546.48 798.63 1.6 554.73 800.46 1.6
846.6 1179.38 1.6 875.14 1179.38 1.6
741.65 19.57 1.6 719.31 19.42 1.6
504.34 1139.29 1.6 539.17 1139.35 1.6
1021.7 941.9 1.6 1024.52 934.74 1.6
625.91 836.02 1.6 626.25 835.99 1.6
621.84 280.64 1.6 578.18 280.66 1.6
335.26 539.4 1.6 331.05 554.87 1.6
577.95 1115.98 1.6 622.05 1115.98 1.6
540.44 684.053 1.6 541.92 685.16 1.6
1024.86 60.18 1.6 1010.98 55.78 1.6
83.96 726.36 1.6 84.03 734.47 1.6
870.39 119.99 1.6 850.17 117.94 1.6
741.65 1180.43 1.6 771.4 1180.43 1.6
489.16 307.42 1.6 474.03 318.57 1.6
403.92 1085.42 1.6 430.57 1085.92 1.6
486.94 60.74 1.6 452.35 61.02 1.6
146.56 109.74 1.6 125.89 122.97 1.6
39.85 805.44 1.6 39.85 811.95 1.6
506.85 646.35 1.6 517.27 662.14 1.6
19.42 480.69 1.6 19.42 510.61 1.6
1128.91 927.71 1.6 1132.81 900.64 1.6
457.24 786.16 1.6 490.85 809.63 1.6
498.96 699 1.6 500.35 700.69 1.6
1180.6 614.97 1.6 1180.6 585.03 1.6
313.27 1109.32 1.6 362.77 1113.2 1.6
811.95 1160.14 1.6 858.41 1158.75 1.6
591.3 1139.27 1.6 608.7 1139.27 1.6
1045.13 506.11 1.6 1047.16 486.35 1.6
1178.07 300.48 1.6 1178.07 273.43 1.6
250.64 73.22 1.6 214.84 81.15 1.6
765.56 1138.69 1.6 799.3 1138.06 1.6
152.3 747.53 1.6 151.06 764.8 1.6
428.56 346.35 1.6 415.29 354.76 1.6
1117.19 995.36 1.6 1118.39 987.16 1.6
19.93 376.63 1.6 19.93 405.98 1.6
910.36 668.85 1.6 917.91 631.17 1.6
875.14 1179.38 1.6 899.52 1178.07 1.6
728.15 483.41 1.6 709.86 466.12 1.6
127.22 185.12 1.6 125.09 190.69 1.6
48.51 963.51 1.6 49.39 967.41 1.6
24.23 222.58 1.6 24.23 246.99 1.6
310.23 1108.93 1.6 312.83 1109.3 1.6
67.22 299.38 1.6 65.48 327.7 1.6
644.4 505.32 1.6 620.55 498.73 1.6
254.5 102.27 1.6 222.1 111.18 1.6
452.31 416.35 1.6 421.33 447.05 1.6
1108.87 890.28 1.6 1109.32 887.18 1.6
1086.24 482.56 1.6 1086.48 456.71 1.6
281.98 1072.08 1.6 293.06 1074.05 1.6
781.27 750.31 1.6 786.1 743.02 1.6
1073.49 187.44 1.6 1072.06 183.76 1.6
1180.43 771.4 1.6 1180.43 741.65 1.6
373.84 529.97 1.6 364.29 572.72 1.6
1144.3 1010.19 1.6 1150.53 967.51 1.6
1116.33 50.08 1.6 1109.97 47.88 1.6
246.99 1175.78 1.6 273.43 1178.08 1.6
977.43 1175.78 1.6 1007.41 1171.89 1.6
415.29 354.76 1.6 407.58 362.62 1.6
232.78 1150.72 1.6 236.48 1151.5 1.6
135.98 254.53 1.6 127.94 281.99 1.6
1062.33 949.99 1.6 1071.54 920.35 1.6
747.55 152.28 1.6 713.63 152.81 1.6
643.48 1139.29 1.6 660.83 1139.35 1.6
1036.21 898.05 1.6 1041.99 872.28 1.6
473.18 718.16 1.6 477.32 721.98 1.6
511.44 546.52 1.6 511.44 546.52 1.6
868.89 554.91 1.6 864.16 538.04 1.6
123.3 1074.57 1.6 131.63 1081.39 1.6
86.62 367.77 1.6 84.86 413.83 1.6
510.62 19.42 1.6 480.69 19.42 1.6
21.93 899.52 1.6 21.93 926.57 1.6
154.83 506.09 1.6 156.02 536.71 1.6
452.47 152.31 1.6 435.2 151.06 1.6
695.24 642.56 1.6 704.96 603.97 1.6
743.28 113.5 1.6 717.45 113.74 1.6
713.64 1047.17 1.6 747.53 1047.69 1.6
1171.97 1006.58 1.6 1175.79 977.15 1.6
664.99 114.24 1.6 639.44 114.37 1.6
1117.92 206.54 1.6 1112.56 189.58 1.6
743.29 1086.48 1.6 769.42 1085.91 1.6
85.69 48.62 1.6 52.21 81.51 1.6
196.92 1033.0451 1.6 204.48 1038.84 1.6
86.8 362.77 1.6 86.62 367.77 1.6
272.34 1128.95 1.6 299.38 1132.79 1.6
480.69 1180.58 1.6 510.61 1180.58 1.6
1175.79 977.15 1.6 1175.79 952.93 1.6
881.71 725.66 1.6 892.64 710.88 1.6
1085.31 587.44 1.6 1085.62 560.56 1.6
1161.16 700.51 1.6 1161.22 656.04 1.6
486.36 1047.18 1.6 506.1 1045.15 1.6
421.33 447.05 1.6 417.76 450.85 1.6
336.67 41.24 1.6 287.92 43.86 1.6
355.32 785.5 1.6 362.55 792.44 1.6
349.83 1082.06 1.6 379.4 1084.16 1.6
136.4 35.19 1.6 125.84 35.19 1.6
287.92 43.86 1.6 286 43.86 1.6
850.42 1136.22 1.6 872.3 1134.5 1.6
967.42 49.39 1.6 963.51 48.52 1.6
67.24 900.61 1.6 71.08 927.68 1.6
945.05 1097.79 1.6 979.1 1088.36 1.6
694.18 301.01 1.6 668.85 289.64 1.6
122.85 1121.5 1.6 151.99 1135.28 1.6
1026.43 1139.16 1.6 1056.42 1132.5 1.6
55.84 1011.45 1.6 60.71 1026.19 1.6
603.4 705.93 1.6 609.02 704.47 1.6
1161.22 551.7 1.6 1161.22 543.95 1.6
1178.09 899.51 1.6 1179.38 875.15 1.6
596.14 38.79 1.6 551.7 38.78 1.6
127.94 281.99 1.6 125.97 293.05 1.6
388.05 1160.15 1.6 394.56 1160.15 1.6
691.21 1086.32 1.6 717.44 1086.25 1.6
645.12 331.07 1.6 604.72 327 1.6
1160.14 394.56 1.6 1160.14 388.05 1.6
90.73 887.15 1.6 91.07 889.56 1.6
799.31 61.93 1.6 765.56 61.31 1.6
539.19 864.65 1.6 554.87 868.95 1.6
1052.13 66.12 1.6 1024.86 60.18 1.6
585.02 19.4 1.6 562.81 19.39 1.6
918 127.95 1.6 906.96 125.99 1.6
527.1 674.1 1.6 528.21 674.93 1.6
19.39 614.98 1.6 19.39 637.19 1.6
151.05 435.21 1.6 152.28 452.46 1.6
568.14 638.0114 1.6 540.44 684.05 1.6
176.94 261.28 1.6 176.94 261.28 1.6
1137.33 381.49 1.6 1136.22 349.58 1.6
482.56 113.75 1.6 456.71 113.51 1.6
1084.15 379.41 1.6 1082.05 349.82 1.6
486.36 152.83 1.6 452.47 152.31 1.6
381.49 62.67 1.6 349.58 63.77 1.6
490.56 734.19 1.6 514.6 750.84 1.6
689.77 343.8 1.6 661.36 335.55 1.6
525.87 83.86 1.6 517.62 83.87 1.6
83.86 674.13 1.6 83.87 682.39 1.6
1126.79 250.64 1.6 1119.12 214.87 1.6
553.27 621.03 1.6 553.27 621.03 1.6
83.87 517.62 1.6 83.86 525.87 1.6
1121.38 1078.09 1.6 1134.27 1051.22 1.6
362.77 86.81 1.6 313.25 90.7 1.6
1028.45 1063.72 1.6 1053.77 1041.67 1.6
591.01 805.86 1.6 608.99 805.86 1.6
713.63 152.81 1.6 693.91 154.83 1.6
21.93 300.48 1.6 20.62 324.86 1.6
1047.68 452.48 1.6 1048.93 435.19 1.6
504.34 60.71 1.6 486.94 60.74 1.6
185.77 1023.0151 1.6 227.58 999.98 1.6
91.07 889.56 1.6 99.09 934.54 1.6
113.75 717.44 1.6 113.51 743.29 1.6
1138.97 747.65 1.6 1139.25 713.06 1.6
604.72 327 1.6 595.27 327 1.6
799.83 421.52 1.6 786.17 406.79 1.6
1156.17 912.06 1.6 1158.77 863.34 1.6
336.67 1158.76 1.6 341.59 1158.76 1.6
417.87 506.4 1.6 409.56 526.93 1.6
627.05 460.8 1.6 620.15 459.24 1.6
84.73 778.98 1.6 84.87 786.16 1.6
994.32 219.87 1.6 978.58 204.21 1.6
331.05 554.87 1.6 327 595.28 1.6
302.81 163.46 1.6 266.45 174.93 1.6
671.58 758.12 1.6 681.26 754.06 1.6
1046.65 151.11 1.6 1023.1 132.58 1.6
694.06 556.02 1.6 683.35 538.87 1.6
19.57 428.6 1.6 19.57 458.35 1.6
1094.38 1158.78 1.6 1115.11 1151.08 1.6
737.55 566.89 1.6 726.16 536.61 1.6
491.81 1161.16 1.6 499.49 1161.16 1.6
177.55 1140.24 1.6 193.82 1145.17 1.6
496.88 588.5 1.6 494.31 601.4 1.6
38.83 700.51 1.6 38.83 708.19 1.6
760.18 1160.85 1.6 805.44 1160.14 1.6
1020.6 1069.46 1.6 1028.45 1063.72 1.6
509.36 452.51 1.6 482.77 472.33 1.6
73.22 949.36 1.6 81.38 985.63 1.6
60.71 1026.19 1.6 67.25 1055.88 1.6
1072.03 282.01 1.6 1064.96 257.43 1.6
329.8 750.19 1.6 347.3 772.77 1.6
151.97 382.51 1.6 152.07 400.16 1.6
364.01 573.75 1.6 363.97 574.09 1.6
81.38 985.63 1.6 82.88 995.86 1.6
19.93 823.37 1.6 20.62 846.6 1.6
381.76 688.38 1.6 392.63 713.23 1.6
1154.46 266.74 1.6 1151.48 236.49 1.6
114.24 535.01 1.6 114.37 560.57 1.6
656.05 1161.23 1.6 700.51 1161.17 1.6
430.39 640.47 1.6 441.91 671.37 1.6
726.12 439.12 1.6 707.63 426.75 1.6
999.48 1036 1.6 1017.06 1020.66 1.6
1047.97 382.47 1.6 1044.62 349.88 1.6
560.16 430.32 1.6 531.1 440.74 1.6
1076.67 1007.38 1.6 1087.07 982.32 1.6
60.74 486.94 1.6 60.71 504.34 1.6
678.3 444.41 1.6 669.01 440.55 1.6
447.14 1160.85 1.6 491.81 1161.16 1.6
157.93 639.96 1.6 156.02 663.3 1.6
668.85 289.64 1.6 631.16 282.08 1.6
1081.7 1068.26 1.6 1089.33 1054.88 1.6
805.44 39.85 1.6 760.18 39.15 1.6
353.4 20.62 1.6 324.86 20.62 1.6
266.15 1025.33 1.6 304.41 1036.87 1.6
318.79 726.33 1.6 329.8 750.19 1.6
60.61 1172.797418 1.6 58.331291 1170.518709 1.6
1006.85 28.12 1.6 977.42 24.23 1.6
608.7 1139.27 1.6 643.48 1139.29 1.6
889.62 1108.93 1.6 934.55 1100.94 1.6
717.45 113.74 1.6 691.21 113.67 1.6
604.73 872.99 1.6 645.09 868.89 1.6
349.58 63.77 1.6 327.7 65.5 1.6
553.27 621.03 1.6 568.14 638.01 1.6
86.64 832.24 1.6 86.81 837.23 1.6
170.35 1061.6917 1.6 183.86 1071.83 1.6
127.99 917.98 1.6 136.04 945.14 1.6
84.02 622.05 1.6 84.02 630.13 1.6
1085.91 430.58 1.6 1085.41 403.92 1.6
752.53 464.42 1.6 726.12 439.12 1.6
504.01 558.74 1.6 496.88 588.5 1.6
456.71 113.51 1.6 430.57 114.08 1.6
400.17 1047.91 1.6 435.2 1048.93 1.6
289.69 668.82 1.6 301.09 694.23 1.6
43.86 912.08 1.6 43.86 914 1.6
20.62 353.41 1.6 19.93 376.63 1.6
327.71 1134.52 1.6 349.57 1136.23 1.6
232.63 49.37 1.6 188.79 55.73 1.6
682.38 83.88 1.6 674.13 83.86 1.6
868.93 645.12 1.6 872.99 604.73 1.6
85.64 1089.95 1.6 88.04 1093.69 1.6
141.3 240.66 1.6 135.98 254.53 1.6
514.6 750.84 1.6 523.17 756.33 1.6
622.3 645.16 1.6 646.62 622.35 1.6
1165.29 1061.36 1.6 1171.97 1026.4 1.6
695.65 60.71 1.6 660.84 60.66 1.6
83.96 473.64 1.6 83.87 517.62 1.6
764.57 480.18 1.6 757.45 469.44 1.6
460.69 573.27 1.6 459.15 580.99 1.6
832.24 1113.36 1.6 837.22 1113.19 1.6
1048.02 817.5 1.6 1047.92 799.83 1.6
1077.17 126.17 1.6 1069.02 118.92 1.6
273.43 1178.08 1.6 300.48 1178.08 1.6
531.17 289.69 1.6 505.78 301.07 1.6
1138.07 400.7 1.6 1137.33 381.49 1.6
90.68 313.27 1.6 86.8 362.77 1.6
376.63 19.93 1.6 353.4 20.62 1.6
705.16 594.53 1.6 694.06 556.02 1.6
152.28 452.46 1.6 152.81 486.37 1.6
738.46 629.17 1.6 740.73 618.76 1.6
643.48 60.72 1.6 608.7 60.73 1.6
1036.7 302.43 1.6 1023.59 262.7 1.6
609.02 704.47 1.6 645.87 693.36 1.6
90.7 312.83 1.6 90.68 313.27 1.6
820.6 115.83 1.6 796.07 114.57 1.6
1090.57 1113.88 1.6 1094.34 1111.39 1.6
28.12 1007.42 1.6 28.12 1027.37 1.6
171.21 191.47 1.6 161.66 203.67 1.6
34.36 128.77 1.6 34.36 128.77 1.6
531.14 910.37 1.6 568.84 917.93 1.6
71.08 927.68 1.6 73.22 949.36 1.6
727.18 660.81 1.6 738.46 629.17 1.6
1151.48 236.49 1.6 1150.65 232.64 1.6
1113.19 362.78 1.6 1109.3 313.26 1.6
815.94 818.45 1.6 834.88 795.41 1.6
836.01 574.09 1.6 835.98 573.76 1.6
473.83 881.37 1.6 489.14 892.62 1.6
439.82 1160.85 1.6 447.14 1160.85 1.6
1112.56 189.58 1.6 1103.32 165.7 1.6
899.52 1178.07 1.6 926.57 1178.07 1.6
934.55 1100.94 1.6 945.05 1097.79 1.6
1139.26 486.94 1.6 1138.97 452.35 1.6
349.57 1136.23 1.6 381.49 1137.33 1.6
805.87 608.99 1.6 805.86 591.01 1.6
479.78 435.76 1.6 468.17 443.56 1.6
627.24 835.71 1.6 672.35 825.39 1.6
80.02 117.86 1.6 77.62 124.88 1.6
587.43 1041.46 1.6 612.57 1041.46 1.6
161.66 203.67 1.6 161.66 203.67 1.6
1068.91 1019.52 1.6 1076.67 1007.38 1.6
24.23 977.42 1.6 28.12 1007.42 1.6
41.44 1094.63 1.6 75.39 1142.03 1.6
400.17 152.09 1.6 382.48 152.01 1.6
114.68 587.44 1.6 114.68 612.56 1.6
156.02 663.3 1.6 154.85 693.9 1.6
1180.43 458.35 1.6 1180.43 428.6 1.6
149.72 975.07 1.6 163.1 998.53 1.6
175.87 133.34 1.6 151.2 153.28 1.6
469.12 365.88 1.6 435 387.3 1.6
193.82 1145.17 1.6 232.78 1150.72 1.6
433.93 857.43 1.6 452.58 871.78 1.6
216.12 1119.48 1.6 250.62 1126.81 1.6
1158.75 336.67 1.6 1156.14 287.92 1.6
523.17 756.33 1.6 532.22 759.94 1.6
379.41 115.84 1.6 349.82 117.95 1.6
71.05 272.34 1.6 67.22 299.38 1.6
39.85 394.56 1.6 39.14 439.82 1.6
587.44 114.68 1.6 560.56 114.37 1.6
405.98 1180.07 1.6 428.6 1180.43 1.6
793.44 785.97 1.6 810.95 767.46 1.6
435.2 151.06 1.6 400.17 152.09 1.6
770.35 637.09 1.6 774.28 608.99 1.6
1144.43 189.18 1.6 1139.7 174.24 1.6
480.69 19.42 1.6 458.35 19.57 1.6
685.73 380.56 1.6 672.02 374.53 1.6
39.14 752.86 1.6 39.14 760.18 1.6
1008.36 171.01 1.6 997.44 162.31 1.6
754.29 519.25 1.6 748.3 510.47 1.6
948.8 1062.8 1.6 961.43 1057.94 1.6
84.02 569.87 1.6 84.02 577.95 1.6
597.23 494.61 1.6 580.93 498.54 1.6
591.3 60.73 1.6 556.52 60.72 1.6
517.27 662.14 1.6 527.1 674.1 1.6
34.36 141.65 1.6 27.85 174.73 1.6
1115.27 778.97 1.6 1115.97 734.47 1.6
760.18 39.15 1.6 752.86 39.15 1.6
19.93 794.02 1.6 19.93 823.37 1.6
850.17 117.94 1.6 820.6 115.83 1.6
204.63 221.43 1.6 180.91 253.85 1.6
80.02 117.86 1.6 80.02 117.86 1.6
499.49 38.83 1.6 491.81 38.83 1.6
65.48 327.7 1.6 63.77 349.57 1.6
813.62 436.16 1.6 799.83 421.52 1.6
28.12 1027.37 1.6 35.37 1064.23 1.6
1180.58 689.39 1.6 1180.61 667.15 1.6
1021.77 257.97 1.6 1019.3 253.4 1.6
459.97 623.73 1.6 462.49 633.25 1.6
1180.61 562.81 1.6 1180.61 532.85 1.6
754.06 422.3 1.6 750.31 418.72 1.6
1116.12 682.38 1.6 1116.13 674.13 1.6
1033.92 96.7 1.6 1012.9 88.27 1.6
125.97 293.05 1.6 119.97 329.6 1.6
657.57 514.04 1.6 644.4 505.32 1.6
155.37 850.12 1.6 158.23 873.36 1.6
19.57 458.35 1.6 19.42 480.69 1.6
149.71 1091.9 1.6 169.91 1105.11 1.6
1139.27 591.29 1.6 1139.28 556.52 1.6
84.02 630.13 1.6 83.86 674.13 1.6
413.83 1115.14 1.6 421.02 1115.27 1.6
187.04 1073.91 1.6 189.73 1074.91 1.6
131.63 1081.3864 1.6 170.35 1061.69 1.6
60.74 713.06 1.6 61.03 747.65 1.6
777.83 753.95 1.6 781.27 750.31 1.6
1110.59 1091.89 1.6 1120.55 1080.54 1.6
914.01 1156.15 1.6 933.42 1154.46 1.6
1161.21 596.14 1.6 1161.22 551.7 1.6
289.62 531.14 1.6 282.06 568.85 1.6
34.36 128.77 1.6 34.36 141.65 1.6
1048.94 764.8 1.6 1047.7 747.54 1.6
774 589.69 1.6 769.69 559.95 1.6
548.47 586.16 1.6 553.27 621.03 1.6
301.09 694.23 1.6 307.43 710.83 1.6
892.64 710.88 1.6 899.03 694.16 1.6
661.6 473.35 1.6 627.05 460.8 1.6
35.37 1075.06 1.6 41.44 1094.63 1.6
379.4 1084.16 1.6 403.92 1085.42 1.6
19.39 562.81 1.6 19.39 585.02 1.6
24.23 953.01 1.6 24.23 977.42 1.6
474.34 761.2 1.6 493.41 773.69 1.6
645.09 868.89 1.6 661.96 864.17 1.6
1180.58 719.31 1.6 1180.58 689.39 1.6
810.95 767.46 1.6 834.95 729.79 1.6
540.8 728.01 1.6 572.07 738.95 1.6
569.87 1115.98 1.6 577.95 1115.98 1.6
608.99 805.86 1.6 646.5 800.07 1.6
836.04 625.9 1.6 836.01 574.09 1.6
329.62 120 1.6 293.02 126.02 1.6
736.52 830.57 1.6 764.69 812.83 1.6
383.76 381.73 1.6 364.33 405.63 1.6
674.13 1116.14 1.6 682.39 1116.13 1.6
1112.96 1009.34 1.6 1117.19 995.36 1.6
795.37 469.72 1.6 784.59 453.46 1.6
912.08 1156.15 1.6 914.01 1156.15 1.6
1171.91 172.61 1.6 1164.94 135.69 1.6
1180.07 823.37 1.6 1180.07 794.02 1.6
133.24 1024.11 1.6 158.29 1052.64 1.6
700.51 1161.17 1.6 708.19 1161.17 1.6
625.9 363.96 1.6 574.1 363.97 1.6
740.15 577.49 1.6 737.55 566.89 1.6
737.07 751.23 1.6 761.09 725.84 1.6
462.93 448.75 1.6 438.26 474.94 1.6
574.1 363.97 1.6 573.75 364 1.6
474.03 318.57 1.6 450.91 329.16 1.6
685.7 657.95 1.6 695.24 642.56 1.6
689.38 1180.58 1.6 719.31 1180.58 1.6
707.63 426.75 1.6 696.05 419.18 1.6
362.55 792.44 1.6 378.89 812.97 1.6
747.65 1138.97 1.6 765.56 1138.69 1.6
960.69 141.9 1.6 944.88 135.85 1.6
731.96 756.27 1.6 737.07 751.23 1.6
50.17 83.71 1.6 47.65 91.09 1.6
573.75 835.99 1.6 574.09 836.03 1.6
661.36 335.55 1.6 645.12 331.07 1.6
266.45 174.93 1.6 260.24 177.32 1.6
1041.47 587.44 1.6 1042.06 560.05 1.6
442.7 774.4071 1.6 446.46 778.22 1.6
1158.75 341.59 1.6 1158.75 336.67 1.6
60.73 608.7 1.6 60.71 643.48 1.6
465.53 1115.97 1.6 473.64 1116.04 1.6
595.91 704.8 1.6 601.73 705.96 1.6
823.37 19.93 1.6 794.02 19.93 1.6
618.72 550.41 1.6 580.36 552.14 1.6
633.45 737.46 1.6 664.61 725.36 1.6
510.08 343.95 1.6 473.78 363.25 1.6
38.79 596.13 1.6 38.79 603.87 1.6
612.56 1085.31 1.6 639.44 1085.62 1.6
621.82 919.33 1.6 631.19 917.87 1.6
747.36 783.96 1.6 777.83 753.95 1.6
900.62 1132.77 1.6 927.67 1128.93 1.6
362.64 474.28 1.6 343.41 511.34 1.6
131.75 1165.95 1.6 141.08 1165.95 1.6
1118.39 987.16 1.6 1126.71 949.74 1.6
353.47 416.23 1.6 342.39 434.18 1.6
572.73 364.29 1.6 527.65 374.62 1.6
695.66 1139.29 1.6 713.06 1139.26 1.6
449.61 781.17 1.6 457.24 786.16 1.6
837.75 475.71 1.6 836.27 472.28 1.6
912.08 43.85 1.6 863.33 41.24 1.6
440.08 532.45 1.6 440.08 532.45 1.6
142.44 961.79 1.6 149.72 975.07 1.6
39.85 388.05 1.6 39.85 394.56 1.6
631.19 917.87 1.6 668.82 910.3 1.6
399.95 646.51 1.6 402.24 656.52 1.6
919.34 578.18 1.6 917.88 568.81 1.6
511.56 856.63 1.6 539.19 864.65 1.6
574.09 836.03 1.6 625.91 836.02 1.6
1178.09 926.58 1.6 1178.09 899.51 1.6
499.49 1161.16 1.6 543.95 1161.22 1.6
343.41 511.34 1.6 335.26 539.4 1.6
1139.34 539.16 1.6 1139.29 504.35 1.6
656.04 38.78 1.6 648.3 38.78 1.6
287.93 1156.16 1.6 336.67 1158.76 1.6
1037.48 202.46 1.6 1027.93 190.51 1.6
1149.82 1116.68 1.6 1153.38 1106.12 1.6
505.82 898.99 1.6 531.14 910.37 1.6
985.75 1118.63 1.6 996 1117.13 1.6
329.61 1080.02 1.6 349.83 1082.06 1.6
585.02 1180.61 1.6 614.98 1180.61 1.6
562.81 19.39 1.6 532.85 19.39 1.6
1115.14 786.17 1.6 1115.27 778.97 1.6
774.28 608.99 1.6 774 589.69 1.6
343.95 689.91 1.6 363.88 727.24 1.6
282.12 631.19 1.6 289.69 668.82 1.6
660.84 60.66 1.6 643.48 60.72 1.6
146.56 109.74 1.6 146.56 109.74 1.6
19.57 741.65 1.6 19.57 771.4 1.6
1103.32 165.7 1.6 1088.75 144.91 1.6
456.71 1086.49 1.6 482.56 1086.25 1.6
772.95 707.94 1.6 781.63 694.56 1.6
764.79 151.04 1.6 747.55 152.28 1.6
41.24 858.41 1.6 41.24 863.33 1.6
1180.58 480.69 1.6 1180.43 458.35 1.6
418.11 797.143 1.6 434.43 812.54 1.6
80.57 216.51 1.6 73.2 250.63 1.6
719.31 19.42 1.6 689.39 19.42 1.6
1178.07 273.43 1.6 1175.77 246.99 1.6
1137.34 818.51 1.6 1138.07 799.31 1.6
747.53 1047.69 1.6 764.81 1048.93 1.6
767.39 343.52 1.6 748.95 329.13 1.6
261.57 1023.57 1.6 266.15 1025.33 1.6
1087.07 982.32 1.6 1097.25 947.29 1.6
719.31 1180.58 1.6 741.65 1180.43 1.6
1077.63 78.66 1.6 1052.13 66.12 1.6
702.11 698.4 1.6 704.78 694.93 1.6
363.88 727.24 1.6 365.11 730.06 1.6
126.04 906.99 1.6 127.99 917.98 1.6
709.86 466.12 1.6 686 449.44 1.6
525.87 1116.14 1.6 569.87 1115.98 1.6
19.39 585.02 1.6 19.39 614.98 1.6
1115.97 465.53 1.6 1115.27 421.02 1.6
863.33 1158.75 1.6 912.08 1156.15 1.6
27.85 174.73 1.6 27.85 193.77 1.6
253.97 180.72 1.6 221.42 204.47 1.6
710.86 307.39 1.6 694.18 301.01 1.6
935.39 1023.93 1.6 942.71 1021.12 1.6
1118.44 52.12 1.6 1116.33 50.08 1.6
1160.15 811.95 1.6 1160.15 805.44 1.6
889.68 91.07 1.6 887.16 90.72 1.6
818.48 512.09 1.6 808.27 488.37 1.6
799.84 152.07 1.6 764.79 151.04 1.6
319.11 473.07 1.6 307.4 489.15 1.6
1115.98 569.88 1.6 1116.13 525.87 1.6
1084.17 820.6 1.6 1085.43 796.07 1.6
83.87 682.39 1.6 83.96 726.36 1.6
342.39 434.18 1.6 342.39 434.18 1.6
59.92 176.91 1.6 55.17 192.04 1.6
452.46 1047.71 1.6 486.36 1047.18 1.6
638.61 430.09 1.6 608.33 425.69 1.6
465.53 84.03 1.6 421.02 84.73 1.6
472.99 836.76 1.6 473.66 837.06 1.6
835.72 627.29 1.6 836 626.26 1.6
899.03 694.16 1.6 910.36 668.85 1.6
364.94 470.48 1.6 363.56 472.28 1.6
67.25 1055.88 1.6 85.64 1089.95 1.6
114.57 403.93 1.6 114.07 430.57 1.6
434.43 812.54 1.6 472.42 836.32 1.6
587.45 158.51 1.6 560.04 157.93 1.6
833.74 468.62 1.6 813.62 436.16 1.6
1154.59 932.18 1.6 1156.17 914.02 1.6
590.99 394.11 1.6 553.49 399.94 1.6
424.52 496.01 1.6 417.87 506.4 1.6
1089.33 1054.88 1.6 1104.13 1032.2 1.6
188.5 126.39 1.6 182.03 128.98 1.6
113.67 508.79 1.6 114.24 535.01 1.6
477.32 721.9764 1.6 465.71 753.14 1.6
1160.15 805.44 1.6 1160.85 760.18 1.6
408.29 837.8 1.6 417.84 847.48 1.6
125.09 190.69 1.6 110.67 224.03 1.6
1044.66 850.14 1.6 1048.02 817.5 1.6
808.13 711.89 1.6 819.19 686.46 1.6
285.99 1156.16 1.6 287.93 1156.16 1.6
374.62 672.35 1.6 381.76 688.38 1.6
236.49 48.52 1.6 232.63 49.37 1.6
1042.06 639.96 1.6 1041.47 612.56 1.6
1161.22 543.95 1.6 1161.16 499.49 1.6
786.1 743.02 1.6 808.13 711.89 1.6
734.47 1115.97 1.6 778.98 1115.26 1.6
532.22 759.94 1.6 563.52 770.49 1.6
407.58 362.62 1.6 383.76 381.73 1.6
324.86 1179.38 1.6 353.41 1179.38 1.6
562.81 1180.61 1.6 585.02 1180.61 1.6
505.78 301.07 1.6 489.16 307.42 1.6
797.75 543.49 1.6 791.04 528.32 1.6
728.39 796.63 1.6 747.36 783.96 1.6
341.59 41.24 1.6 336.67 41.24 1.6
125.84 35.19 1.6 105.89 41.39 1.6
189.91 172.59 1.6 171.21 191.47 1.6
88.04 1093.69 1.6 106.01 1109.01 1.6
1027.37 1171.89 1.6 1064.01 1164.64 1.6
367.76 86.63 1.6 362.77 86.81 1.6
1139.29 504.35 1.6 1139.26 486.94 1.6
473.66 837.06 1.6 511.56 856.63 1.6
52.21 81.51 1.6 50.17 83.71 1.6
740.73 618.76 1.6 740.15 577.49 1.6
1139.68 1025.45 1.6 1144.3 1010.19 1.6
158.23 873.36 1.6 163.61 897.56 1.6
650.23 610.95 1.6 647.47 580.23 1.6
500.35 700.6885 1.6 488.38 732.18 1.6
527.65 374.62 1.6 512.04 381.56 1.6
683.35 538.87 1.6 673.92 526.94 1.6
664.61 725.36 1.6 698.51 701.35 1.6
1071.54 920.35 1.6 1073.5 909.25 1.6
689.71 817.65 1.6 712.29 807.9 1.6
870.39 1080 1.6 906.97 1073.99 1.6
587.44 1085.31 1.6 612.56 1085.31 1.6
77.62 124.88 1.6 65.67 149.34 1.6
1019.3 253.4 1.6 994.32 219.87 1.6
362.64 474.28 1.6 362.64 474.28 1.6
1180.43 428.6 1.6 1180.07 405.98 1.6
858.41 41.24 1.6 811.95 39.85 1.6
748.95 329.13 1.6 726.68 318.95 1.6
693.91 154.83 1.6 663.29 156.02 1.6
660.83 1139.35 1.6 695.66 1139.29 1.6
86.81 837.23 1.6 90.7 886.75 1.6
850.18 1082.05 1.6 870.39 1080 1.6
312.85 90.73 1.6 310.43 91.07 1.6
1082.53 80.36 1.6 1077.63 78.66 1.6
704.78 694.93 1.6 727.18 660.81 1.6
131.75 1165.95 1.6 124.902582 1172.797418 1.6
900.62 67.23 1.6 872.3 65.49 1.6
1085.43 796.07 1.6 1085.92 769.43 1.6
127.05 1012.93 1.6 129.42 1018.75 1.6
1069.27 179.77 1.6 1046.65 151.11 1.6
798.27 654.72 1.6 800.19 646.22 1.6
784.99 844.62 1.6 790.53 838.89 1.6
752.86 39.15 1.6 708.19 38.84 1.6
979.19 995.5 1.6 996.2 978.4 1.6
1109.35 886.72 1.6 1113.21 837.23 1.6
421.02 1115.27 1.6 465.53 1115.97 1.6
119.97 329.6 1.6 117.92 349.83 1.6
1047.9 400.18 1.6 1047.97 382.47 1.6
856.05 510.09 1.6 837.75 475.71 1.6
265.43 1100.96 1.6 310.23 1108.93 1.6
791.77 669.7 1.6 798.27 654.72 1.6
1048.93 435.19 1.6 1047.9 400.18 1.6
1175.79 952.93 1.6 1178.09 926.58 1.6
825.72 671.39 1.6 835.72 627.29 1.6
817.53 1047.97 1.6 850.12 1044.63 1.6
19.57 771.4 1.6 19.93 794.02 1.6
508.79 1086.32 1.6 535.02 1085.75 1.6
1059.6 34.62 1.6 1027.14 28.12 1.6
1017.06 1020.66 1.6 1030.06 1007.37 1.6
144.92 1089.115 1.6 149.71 1091.9 1.6
1139.29 695.65 1.6 1139.34 660.84 1.6
1164.94 135.69 1.6 1164.94 126.69 1.6
192.59 28.11 1.6 172.62 28.11 1.6
639.44 114.37 1.6 612.56 114.68 1.6
724.88 882.13 1.6 749.35 870.99 1.6
1024.52 934.74 1.6 1036.21 898.05 1.6
796.08 1085.41 1.6 820.59 1084.15 1.6
530.44 826.34 1.6 572.79 835.73 1.6
180.91 253.85 1.6 176.94 261.28 1.6
38.83 708.19 1.6 39.14 752.86 1.6
349.86 1044.66 1.6 382.5 1048.02 1.6
489.14 892.62 1.6 505.82 898.99 1.6
967.41 1150.63 1.6 1011.5 1144.18 1.6
60.72 556.52 1.6 60.73 591.3 1.6
536.7 156.03 1.6 506.1 154.85 1.6
968.73 1053.84 1.6 999.48 1036 1.6
559.16 695.86 1.6 595.91 704.8 1.6
1139.34 660.84 1.6 1139.28 643.48 1.6
886.74 1109.3 1.6 887.16 1109.28 1.6
38.84 491.81 1.6 38.84 499.49 1.6
394.14 608.99 1.6 399.95 646.51 1.6
927.67 1128.93 1.6 949.37 1126.8 1.6
637.19 19.39 1.6 614.98 19.4 1.6
933.3 45.54 1.6 914.01 43.85 1.6
60.73 591.3 1.6 60.73 608.7 1.6
472.42 836.32 1.6 472.99 836.76 1.6
872.99 595.27 1.6 868.89 554.91 1.6
1113.38 832.23 1.6 1115.14 786.17 1.6
837.22 1113.19 1.6 886.74 1109.3 1.6
1161.21 603.86 1.6 1161.21 596.14 1.6
622.05 1115.98 1.6 630.13 1115.98 1.6
1082.06 850.17 1.6 1084.17 820.6 1.6
817.5 151.98 1.6 799.84 152.07 1.6
1161.22 648.3 1.6 1161.21 603.86 1.6
286 43.86 1.6 266.74 45.54 1.6
1159.97 109.83 1.6 1152.55 87.67 1.6
771.4 1180.43 1.6 794.03 1180.07 1.6
347.3 772.77 1.6 355.32 785.5 1.6
19.39 667.15 1.6 19.42 689.38 1.6
99.04 265.44 1.6 91.07 310.24 1.6
417.84 847.48 1.6 433.93 857.43 1.6
560.04 157.93 1.6 536.7 156.03 1.6
573.75 364 1.6 572.73 364.29 1.6
1138.97 452.35 1.6 1138.69 434.44 1.6
602.14 494.56 1.6 597.23 494.61 1.6
630.13 84.02 1.6 622.05 84.02 1.6
1138.69 765.56 1.6 1138.97 747.65 1.6
637.19 1180.61 1.6 667.15 1180.61 1.6
163.4 303.33 1.6 157.93 327.97 1.6
61.02 452.35 1.6 60.74 486.94 1.6
1085.41 403.92 1.6 1084.15 379.41 1.6
1160.85 752.86 1.6 1161.16 708.18 1.6
996 1117.13 1.6 1018.32 1109.63 1.6
656.32 402.2 1.6 645.82 399.8 1.6
454.71 742.8751 1.6 442.7 774.41 1.6
63.77 349.57 1.6 62.66 381.49 1.6
979.1 1088.36 1.6 1011.57 1073.2 1.6
403.92 114.58 1.6 379.41 115.84 1.6
24.23 246.99 1.6 21.93 273.43 1.6
117.92 349.83 1.6 115.82 379.4 1.6
113.51 743.29 1.6 114.08 769.43 1.6
300.48 1178.08 1.6 324.86 1179.38 1.6
997.44 162.31 1.6 973.88 149.05 1.6
27.85 193.77 1.6 24.23 222.58 1.6
280.66 621.82 1.6 282.12 631.19 1.6
794.02 19.93 1.6 771.4 19.57 1.6
1180.61 667.15 1.6 1180.61 637.2 1.6
114.37 639.43 1.6 114.24 664.99 1.6
898.93 505.78 1.6 892.58 489.16 1.6
47.65 91.09 1.6 34.36 128.77 1.6
786.16 1115.13 1.6 832.24 1113.36 1.6
750.31 418.72 1.6 743.97 414.48 1.6
563.52 770.49 1.6 591.36 774.31 1.6
434.44 1138.69 1.6 452.35 1138.97 1.6
871.15 748.98 1.6 881.71 725.66 1.6
686 449.44 1.6 678.3 444.41 1.6
158.52 612.55 1.6 157.93 639.96 1.6
944.88 135.85 1.6 918 127.95 1.6
381.49 1137.33 1.6 400.7 1138.07 1.6
409.2 672.15 1.6 419.81 697.24 1.6
331.11 645.1 1.6 335.83 661.95 1.6
84.86 413.83 1.6 84.73 421.03 1.6
419.81 401.68 1.6 406.76 414.01 1.6
20.62 324.86 1.6 20.62 353.41 1.6
1096.24 93.56 1.6 1082.53 80.36 1.6
696.33 780.71 1.6 722.03 762.9 1.6
532.85 19.39 1.6 510.62 19.42 1.6
1085.62 560.56 1.6 1085.75 535.02 1.6
363.97 574.09 1.6 363.98 625.91 1.6
471.43 364.27 1.6 469.12 365.88 1.6
405.98 19.93 1.6 376.63 19.93 1.6
995.13 82.64 1.6 985.62 81.25 1.6
667.15 19.39 1.6 637.19 19.39 1.6
459.15 580.99 1.6 459.97 623.73 1.6
696.08 496.03 1.6 661.6 473.35 1.6
115.84 820.59 1.6 117.95 850.18 1.6
1109.27 312.84 1.6 1108.93 310.4 1.6
176.29 1172.36 1.6 193.95 1172.36 1.6
1072.06 183.76 1.6 1069.27 179.77 1.6
727.97 363.95 1.6 689.77 343.8 1.6
312.83 1109.3 1.6 313.27 1109.32 1.6
102.46 945.94 1.6 111.72 979.39 1.6
1150.65 232.64 1.6 1144.43 189.18 1.6
1069.02 118.92 1.6 1053.01 109.46 1.6
413.38 457.56 1.6 390.96 489.68 1.6
1055.49 967.39 1.6 1062.33 949.99 1.6
1104.13 1032.2 1.6 1112.96 1009.34 1.6
543.95 38.78 1.6 499.49 38.83 1.6
250.62 1126.81 1.6 272.34 1128.95 1.6
1097.25 947.29 1.6 1100.81 935.84 1.6
528.21 674.9284 1.6 512.7 709.7 1.6
493.41 773.69 1.6 507.69 782.83 1.6
1116.12 517.62 1.6 1116.04 473.64 1.6
1116.13 525.87 1.6 1116.12 517.62 1.6
110.67 224.03 1.6 102.08 255.07 1.6
1175.77 222.58 1.6 1171.91 192.61 1.6
1116.04 473.64 1.6 1115.97 465.53 1.6
1126.71 949.74 1.6 1128.91 927.71 1.6
21.93 273.43 1.6 21.93 300.48 1.6
419.81 697.24 1.6 436.41 720.85 1.6
726.16 536.61 1.6 701.36 501.45 1.6
1041.99 872.28 1.6 1044.66 850.14 1.6
1088.75 144.91 1.6 1077.17 126.17 1.6
1158.77 863.34 1.6 1158.77 858.4 1.6
163.61 897.56 1.6 175.63 935.39 1.6
786.17 84.86 1.6 778.97 84.73 1.6
926.57 21.93 1.6 899.52 21.93 1.6
84.02 465.53 1.6 83.96 473.64 1.6
62.66 381.49 1.6 61.93 400.69 1.6
578.17 919.36 1.6 621.82 919.33 1.6
1057.05 1087.7 1.6 1075.83 1075.31 1.6
256.17 135.5 1.6 239.99 141.73 1.6
1136.22 349.58 1.6 1134.5 327.7 1.6
1113.36 367.76 1.6 1113.19 362.78 1.6
90.01 1017.45 1.6 98.08 1037.26 1.6
595.27 327 1.6 554.9 331.11 1.6
796.07 114.57 1.6 769.43 114.07 1.6
102.08 255.07 1.6 99.04 265.44 1.6
595.27 872.99 1.6 604.73 872.99 1.6
301.02 505.81 1.6 289.62 531.14 1.6
1085.62 639.44 1.6 1085.31 612.56 1.6
60.71 643.48 1.6 60.65 660.83 1.6
1080.03 870.4 1.6 1082.06 850.17 1.6
1116.04 726.36 1.6 1116.12 682.38 1.6
661.96 864.17 1.6 689.91 856.04 1.6
413.83 84.86 1.6 367.76 86.63 1.6
1016.67 950.4 1.6 1021.7 941.9 1.6
494.31 601.4 1.6 494.37 604.6 1.6
1085.31 612.56 1.6 1085.31 587.44 1.6
590.74 425.85 1.6 560.16 430.32 1.6
400.7 1138.07 1.6 434.44 1138.69 1.6
43.86 914 1.6 45.54 933.29 1.6
1082.05 349.82 1.6 1080 329.61 1.6
491.81 38.83 1.6 447.14 39.14 1.6
367.06 732.83 1.6 387.34 764.94 1.6
176.94 261.28 1.6 174.11 268.67 1.6
978.58 204.21 1.6 944.36 179.45 1.6
674.13 83.86 1.6 630.13 84.02 1.6
328.74 451.89 1.6 319.11 473.07 1.6
450.91 329.16 1.6 428.56 346.35 1.6
429.73 562.72 1.6 425.68 591.67 1.6
846.6 20.62 1.6 823.37 19.93 1.6
61.03 747.65 1.6 61.31 765.56 1.6
436.41 720.85 1.6 444.72 733.11 1.6
401.65 545.55 1.6 399.5 555.16 1.6
1133.81 146.73 1.6 1118.49 116.2 1.6
626.26 364 1.6 625.9 363.96 1.6
246.99 24.23 1.6 222.58 24.23 1.6
775.49 850.66 1.6 784.99 844.62 1.6
1164.94 126.69 1.6 1159.97 109.83 1.6
163.61 97.65 1.6 146.56 109.74 1.6
446.46 778.22 1.6 449.61 781.17 1.6
892.58 489.16 1.6 881.95 474.84 1.6
1179.38 846.59 1.6 1180.07 823.37 1.6
473.64 83.96 1.6 465.53 84.03 1.6
672.35 825.39 1.6 689.71 817.65 1.6
193.95 1172.36 1.6 222.57 1175.78 1.6
1115.97 577.95 1.6 1115.98 569.88 1.6
553.49 399.94 1.6 543.48 402.24 1.6
850.12 1044.63 1.6 873.86 1041.7 1.6
222.57 1175.78 1.6 246.99 1175.78 1.6
596.13 1161.21 1.6 603.87 1161.21 1.6
63.78 850.42 1.6 65.5 872.3 1.6
390.05 823.0831 1.6 408.29 837.8 1.6
60.71 504.34 1.6 60.65 539.17 1.6
265.46 99.09 1.6 254.5 102.27 1.6
1100.93 265.45 1.6 1097.81 254.6 1.6
953 1175.78 1.6 977.43 1175.78 1.6
327 604.73 1.6 331.11 645.1 1.6
1132.77 299.39 1.6 1128.93 272.33 1.6
603.86 38.79 1.6 596.14 38.79 1.6
580.36 552.14 1.6 550.35 579.58 1.6
430.57 1085.92 1.6 456.71 1086.49 1.6
950.89 1016.53 1.6 979.19 995.5 1.6
222.1 111.18 1.6 188.5 126.39 1.6
581.5 740.82 1.6 623.49 740.04 1.6
38.77 648.3 1.6 38.77 656.05 1.6
648.3 1161.23 1.6 656.05 1161.23 1.6
917.88 568.81 1.6 910.31 531.17 1.6
543.95 1161.22 1.6 551.7 1161.22 1.6
106.01 1109.0147 1.6 144.92 1089.11 1.6
152.07 400.16 1.6 151.05 435.21 1.6
99.09 934.54 1.6 102.46 945.94 1.6
500.6 499.19 1.6 498.06 501.28 1.6
1053.01 109.46 1.6 1033.92 96.7 1.6
387.34 764.94 1.6 400.81 779.18 1.6
503.46 419.45 1.6 479.78 435.76 1.6
260.24 177.32 1.6 253.97 180.72 1.6
307.43 710.83 1.6 318.79 726.33 1.6
84.87 786.16 1.6 86.64 832.24 1.6
648.3 38.78 1.6 603.86 38.79 1.6
778.97 84.73 1.6 734.47 84.02 1.6
378.89 812.97 1.6 216.05 975.81 1.6
832.24 86.63 1.6 786.17 84.86 1.6
535.01 114.24 1.6 508.79 113.68 1.6
780.88 504.07 1.6 764.57 480.18 1.6
835.21 729.47 1.6 835.37 729.11 1.6
872.25 157.97 1.6 850.14 155.34 1.6
568.81 282.12 1.6 531.17 289.69 1.6
1007.41 1171.89 1.6 1027.37 1171.89 1.6
1119.12 214.87 1.6 1117.92 206.54 1.6
156.02 536.71 1.6 157.93 560.04 1.6
752.86 1160.85 1.6 760.18 1160.85 1.6
786.17 406.79 1.6 767.42 389.04 1.6
19.42 719.31 1.6 19.57 741.65 1.6
940.19 177.18 1.6 935.7 175.47 1.6
349.82 117.95 1.6 329.62 120 1.6
1156.17 914.02 1.6 1156.17 912.06 1.6
825.37 527.66 1.6 818.48 512.09 1.6
808.27 488.37 1.6 795.37 469.72 1.6
663.3 1043.96 1.6 693.89 1045.14 1.6
863.33 41.24 1.6 858.41 41.24 1.6
1109.32 887.18 1.6 1109.35 886.72 1.6
1047.92 799.83 1.6 1048.94 764.8 1.6
41.24 341.59 1.6 39.85 388.05 1.6
45.54 933.29 1.6 48.51 963.51 1.6
729.24 835.66 1.6 736.52 830.57 1.6
407.57 786.4584 1.6 390.05 823.08 1.6
663.29 156.02 1.6 639.96 157.92 1.6
693.89 1045.14 1.6 713.64 1047.17 1.6
669.01 440.55 1.6 638.61 430.09 1.6
856.23 689.58 1.6 864.32 661.69 1.6
673.92 526.94 1.6 657.57 514.04 1.6
769.43 114.07 1.6 743.28 113.5 1.6
327.7 65.5 1.6 299.39 67.24 1.6
95.9 167.68 1.6 87.97 188.4 1.6
689.91 856.04 1.6 722.5 838.57 1.6
1038.45 1101.3 1.6 1057.05 1087.7 1.6
468.17 443.56 1.6 462.93 448.75 1.6
639.96 157.92 1.6 612.55 158.51 1.6
113.74 482.55 1.6 113.67 508.79 1.6
850.14 155.34 1.6 817.5 151.98 1.6
161.66 203.67 1.6 147.48 229.06 1.6
1011.5 1144.18 1.6 1026.43 1139.16 1.6
304.41 1036.87 1.6 328.77 1042.25 1.6
426.02 610.35 1.6 430.39 640.47 1.6
1134.27 1051.22 1.6 1139.68 1025.45 1.6
646.5 800.07 1.6 656.53 797.77 1.6
364.29 572.72 1.6 364.01 573.75 1.6
1180.58 510.61 1.6 1180.58 480.69 1.6
406.76 414.01 1.6 387.78 434.12 1.6
670.09 791.73 1.6 696.33 780.71 1.6
392.63 713.23 1.6 405.22 731.21 1.6
1080 329.61 1.6 1073.99 293.03 1.6
204.48 1038.84 1.6 227.03 1051.19 1.6
114.08 769.43 1.6 114.59 796.08 1.6
39.14 447.14 1.6 38.84 491.81 1.6
114.24 664.99 1.6 113.68 691.21 1.6
818.51 1137.33 1.6 850.42 1136.22 1.6
154.85 693.9 1.6 152.83 713.64 1.6
83.86 525.87 1.6 84.02 569.87 1.6
906.96 125.99 1.6 870.39 119.99 1.6
367.76 1113.37 1.6 413.83 1115.14 1.6
539.17 60.65 1.6 504.34 60.71 1.6
1023.1 132.58 1.6 1016.89 128.43 1.6
1086.49 743.29 1.6 1086.25 717.44 1.6
169.91 1105.11 1.6 191.94 1113.3 1.6
81.78 208.11 1.6 80.57 216.51 1.6
845.83 416.55 1.6 840.04 410.9 1.6
1064.96 257.43 1.6 1058.37 240.38 1.6
490.85 809.63 1.6 515.54 820.04 1.6
1115.98 630.12 1.6 1115.97 622.05 1.6
519.18 445.75 1.6 509.36 452.51 1.6
580.93 498.54 1.6 554.72 506.06 1.6
917.99 1072.03 1.6 948.8 1062.8 1.6
151.99 1135.28 1.6 177.55 1140.24 1.6
698.51 701.35 1.6 702.11 698.4 1.6
977.42 24.23 1.6 953.01 24.23 1.6
855.59 768.78 1.6 871.15 748.98 1.6
349.88 155.37 1.6 326.78 158.14 1.6
639.44 1085.62 1.6 664.99 1085.75 1.6
335.83 661.95 1.6 343.95 689.91 1.6
39.14 439.82 1.6 39.14 447.14 1.6
473.78 363.25 1.6 471.43 364.27 1.6
452.99 691.49 1.6 473.18 718.16 1.6
258.36 1065.36 1.6 281.98 1072.08 1.6
873.86 1041.7 1.6 897.81 1036.39 1.6
608.33 425.69 1.6 590.74 425.85 1.6
114.07 430.57 1.6 113.5 456.72 1.6
1045.15 693.9 1.6 1043.97 663.3 1.6
917.91 631.17 1.6 919.36 621.83 1.6
621.09 647.18 1.6 622.3 645.16 1.6
1085.75 664.98 1.6 1085.62 639.44 1.6
114.37 560.57 1.6 114.68 587.44 1.6
475.08 665.55 1.6 498.96 699 1.6
299.38 1132.79 1.6 327.71 1134.52 1.6
1109.3 313.26 1.6 1109.27 312.84 1.6
887.16 1109.28 1.6 889.62 1108.93 1.6
324.86 20.62 1.6 300.48 21.93 1.6
157.93 560.04 1.6 158.52 587.45 1.6
610.55 773.96 1.6 640.48 769.63 1.6
926.57 1178.07 1.6 953 1175.78 1.6
145.11 66.91 1.6 111.54 84.5 1.6
416.48 747.82 1.6 432.16 763.72 1.6
82.88 995.86 1.6 90.01 1017.45 1.6
1023.59 262.7 1.6 1021.77 257.97 1.6
961.43 1057.94 1.6 968.73 1053.84 1.6
216.05 975.81 1.6 216.05 990.36 1.6
441.91 671.37 1.6 446.55 682.33 1.6
38.84 499.49 1.6 38.78 543.95 1.6
560.56 114.37 1.6 535.01 114.24 1.6
201.83 162.91 1.6 189.91 172.59 1.6
927.67 71.07 1.6 900.62 67.23 1.6
1085.92 769.43 1.6 1086.49 743.29 1.6
1115.97 734.47 1.6 1116.04 726.36 1.6
84.03 734.47 1.6 84.73 778.98 1.6
527.59 409.29 1.6 503.46 419.45 1.6
127.22 185.12 1.6 127.22 185.12 1.6
696.05 419.18 1.6 675.45 410.62 1.6
326.78 158.14 1.6 302.81 163.46 1.6
1160.85 760.18 1.6 1160.85 752.86 1.6
639.95 1042.05 1.6 663.3 1043.96 1.6
591.36 774.31 1.6 610.55 773.96 1.6
394.56 39.85 1.6 388.05 39.85 1.6
38.77 656.05 1.6 38.83 700.51 1.6
307.4 489.15 1.6 301.02 505.81 1.6
84.73 421.03 1.6 84.02 465.53 1.6
836.27 472.28 1.6 833.74 468.62 1.6
712.29 807.9 1.6 728.39 796.63 1.6
151.06 764.8 1.6 152.09 799.83 1.6
60.71 695.66 1.6 60.74 713.06 1.6
62.67 818.51 1.6 63.78 850.42 1.6
1161.16 491.81 1.6 1160.85 447.14 1.6
612.55 158.51 1.6 587.45 158.51 1.6
236.48 1151.5 1.6 266.54 1154.46 1.6
20.62 875.14 1.6 21.93 899.52 1.6
1171.91 192.61 1.6 1171.91 172.61 1.6
1120.55 1080.54 1.6 1121.38 1078.09 1.6
1050.73 226.24 1.6 1037.48 202.46 1.6
113.5 456.72 1.6 113.74 482.55 1.6
614.98 1180.61 1.6 637.19 1180.61 1.6
942.71 1021.12 1.6 950.89 1016.53 1.6
535.97 474.34 1.6 500.6 499.19 1.6
1158.77 858.4 1.6 1160.15 811.95 1.6
417.76 450.85 1.6 413.38 457.56 1.6
935.7 175.47 1.6 896.68 163.39 1.6
172.62 28.11 1.6 136.4 35.19 1.6
1153.38 1106.12 1.6 1165.29 1071.77 1.6
363.56 472.28 1.6 362.64 474.28 1.6
462.49 633.25 1.6 475.08 665.55 1.6
603.87 1161.21 1.6 648.3 1161.23 1.6
494.37 604.6 1.6 496.88 614.05 1.6
362.77 1113.2 1.6 367.76 1113.37 1.6
851.95 426.23 1.6 845.83 416.55 1.6
871.33 451.39 1.6 851.95 426.23 1.6
428.6 19.57 1.6 405.98 19.93 1.6
152.09 799.83 1.6 152.01 817.52 1.6
221.42 204.47 1.6 204.63 221.43 1.6
620.15 459.24 1.6 577.59 459.64 1.6
486.94 1139.26 1.6 504.34 1139.29 1.6
158.29 1052.6379 1.6 196.92 1033.05 1.6
151.2 153.28 1.6 131.05 179.37 1.6
799.3 1138.06 1.6 818.51 1137.33 1.6
609.01 394.11 1.6 590.99 394.11 1.6
554.87 868.95 1.6 595.27 872.99 1.6
506.1 1045.15 1.6 536.7 1043.96 1.6
313.25 90.7 1.6 312.85 90.73 1.6
399.5 555.16 1.6 394.13 591.01 1.6
1075.83 1075.31 1.6 1081.7 1068.26 1.6
45.54 266.68 1.6 43.85 285.99 1.6
1115.27 421.02 1.6 1115.13 413.84 1.6
465.71 753.1391 1.6 474.34 761.2 1.6
805.86 591.01 1.6 800.04 553.48 1.6
214.84 81.15 1.6 205.08 82.57 1.6
97.37 99.04 1.6 80.02 117.86 1.6
1134.54 872.29 1.6 1136.24 850.43 1.6
759.38 669.23 1.6 770.35 637.09 1.6
87.97 188.4 1.6 81.78 208.11 1.6
163.1 998.53 1.6 185.77 1023.02 1.6
1180.07 794.02 1.6 1180.43 771.4 1.6
155.32 349.85 1.6 151.97 382.51 1.6
225.01 1089.74 1.6 254.85 1097.96 1.6
60.65 660.83 1.6 60.71 695.66 1.6
953.01 24.23 1.6 926.57 21.93 1.6
887.16 90.72 1.6 886.74 90.69 1.6
507.69 782.83 1.6 532.64 792.78 1.6
535.02 1085.75 1.6 560.56 1085.62 1.6
254.85 1097.96 1.6 265.43 1100.96 1.6
175.63 935.39 1.6 177.8 941.02 1.6
1139.28 643.48 1.6 1139.27 608.71 1.6
452.35 61.02 1.6 434.44 61.31 1.6
1115.97 622.05 1.6 1115.97 577.95 1.6
758.86 530.15 1.6 754.29 519.25 1.6
1030.06 1007.37 1.6 1050.8 975.32 1.6
409.56 526.93 1.6 401.65 545.55 1.6
1138.69 434.44 1.6 1138.07 400.7 1.6
1114.6 109.92 1.6 1096.24 93.56 1.6
227.03 1051.19 1.6 241.99 1059.09 1.6
1027.93 190.51 1.6 1008.36 171.01 1.6
778.98 1115.26 1.6 786.16 1115.13 1.6
944.36 179.45 1.6 940.19 177.18 1.6
363.98 625.91 1.6 364.01 626.25 1.6
541.92 685.16 1.6 559.16 695.86 1.6
421.02 84.73 1.6 413.83 84.86 1.6
1150.53 967.51 1.6 1151.51 963.11 1.6
465.2 491.28 1.6 450.42 512.42 1.6
864.32 661.69 1.6 868.93 645.12 1.6
899.52 21.93 1.6 875.14 20.62 1.6
188.79 55.73 1.6 174.58 60.44 1.6
734.47 84.02 1.6 726.36 83.96 1.6
577.95 84.02 1.6 569.87 84.02 1.6
667.15 1180.61 1.6 689.38 1180.58 1.6
1053.77 1041.67 1.6 1068.91 1019.52 1.6
620.55 498.73 1.6 602.14 494.56 1.6
60.65 539.17 1.6 60.72 556.52 1.6
1139.28 556.52 1.6 1139.34 539.16 1.6
645.87 693.36 1.6 661.71 682.9 1.6
180.62 946.16 1.6 216.05 990.36 1.6
614.98 19.4 1.6 585.02 19.4 1.6
517.62 1116.12 1.6 525.87 1116.14 1.6
124.902582 1172.797418 1.6 60.61 1172.797418 1.6
601.73 705.96 1.6 603.4 705.93 1.6
1115.13 413.84 1.6 1113.36 367.76 1.6
712.97 392.44 1.6 685.73 380.56 1.6
896.68 163.39 1.6 872.25 157.97 1.6
560.05 1042.05 1.6 587.43 1041.46 1.6
177.8 941.02 1.6 180.62 946.16 1.6
819.19 686.46 1.6 825.72 671.39 1.6
450.42 512.42 1.6 444.37 521.85 1.6
608.7 60.73 1.6 591.3 60.73 1.6
1139.7 174.24 1.6 1133.81 146.73 1.6
376.63 1180.07 1.6 405.98 1180.07 1.6
1179.38 875.15 1.6 1179.38 846.59 1.6
1179.38 324.86 1.6 1178.07 300.48 1.6
550.35 579.58 1.6 548.47 586.16 1.6
341.59 1158.76 1.6 388.05 1160.15 1.6
1132.81 900.64 1.6 1134.54 872.29 1.6
706 597.95 1.6 705.16 594.53 1.6
919.36 621.83 1.6 919.34 578.18 1.6
19.39 532.85 1.6 19.39 562.81 1.6
1165.29 1071.77 1.6 1165.29 1061.36 1.6
700.51 38.84 1.6 656.04 38.78 1.6
41.24 336.67 1.6 41.24 341.59 1.6
19.42 689.38 1.6 19.42 719.31 1.6
612.57 1041.46 1.6 639.95 1042.05 1.6
241.99 1059.09 1.6 258.36 1065.36 1.6
458.35 19.57 1.6 428.6 19.57 1.6
75.39 1142.0301 1.6 117.17 1119.03 1.6
631.16 282.08 1.6 621.84 280.64 1.6
675.45 410.62 1.6 656.32 402.2 1.6
38.78 543.95 1.6 38.78 551.7 1.6
117.95 850.18 1.6 120 870.38 1.6
388.05 39.85 1.6 341.59 41.24 1.6
1180.43 741.65 1.6 1180.58 719.31 1.6
764.69 812.83 1.6 777.8 800.43 1.6
61.31 434.44 1.6 61.02 452.35 1.6
1180.07 376.63 1.6 1179.38 353.4 1.6
38.79 603.87 1.6 38.77 648.3 1.6
129.42 1018.75 1.6 133.24 1024.11 1.6
536.7 1043.96 1.6 560.05 1042.05 1.6
452.58 871.78 1.6 473.83 881.37 1.6
710.82 892.54 1.6 724.88 882.13 1.6
1044.62 349.88 1.6 1041.73 325.34 1.6
834.88 795.41 1.6 845.31 785.23 1.6
400.81 779.18 1.6 407.57 786.46 1.6
749.35 870.99 1.6 775.49 850.66 1.6
43.85 287.92 1.6 41.24 336.67 1.6
353.41 1179.38 1.6 376.63 1180.07 1.6
1085.75 535.02 1.6 1086.31 508.78 1.6
835.98 573.76 1.6 835.71 572.79 1.6
681.26 754.06 1.6 689.25 748.52 1.6
1115.11 1151.08 1.6 1147.55 1119.27 1.6
850.42 63.77 1.6 818.51 62.67 1.6
949.37 1126.8 1.6 985.75 1118.63 1.6
568.84 917.93 1.6 578.17 919.36 1.6
39.85 811.95 1.6 41.24 858.41 1.6
985.62 81.25 1.6 949.36 73.21 1.6
1156.14 286 1.6 1154.46 266.74 1.6
708.19 38.84 1.6 700.51 38.84 1.6
91.07 310.24 1.6 90.7 312.83 1.6
460.69 573.27 1.6 460.69 573.27 1.6
174.11 268.67 1.6 163.4 303.33 1.6
886.74 90.69 1.6 837.23 86.8 1.6
1161.22 656.04 1.6 1161.22 648.3 1.6
578.18 280.66 1.6 568.81 282.12 1.6
300.48 21.93 1.6 273.43 21.93 1.6
61.93 799.3 1.6 62.67 818.51 1.6
538.05 335.82 1.6 510.08 343.95 1.6
111.72 979.39 1.6 127.05 1012.93 1.6
668.82 910.3 1.6 694.25 898.88 1.6
482.77 472.33 1.6 465.2 491.28 1.6
554.72 506.06 1.6 542.61 513.82 1.6
19.93 405.98 1.6 19.57 428.6 1.6
1139.27 608.71 1.6 1139.27 591.29 1.6
572.79 835.73 1.6 573.75 835.99 1.6
1097.81 254.6 1.6 1089.25 223.44 1.6
1147.55 1119.27 1.6 1149.82 1116.68 1.6
1086.31 508.78 1.6 1086.24 482.56 1.6
1041.47 612.56 1.6 1041.47 587.44 1.6
640.48 769.63 1.6 671.58 758.12 1.6
152.83 713.64 1.6 152.3 747.53 1.6
858.41 1158.75 1.6 863.33 1158.75 1.6
784.59 453.46 1.6 754.06 422.3 1.6
706.02 599.13 1.6 706 597.95 1.6
452.35 1138.97 1.6 486.94 1139.26 1.6
438.26 474.94 1.6 424.52 496.01 1.6
554.9 331.11 1.6 538.05 335.82 1.6
1086.32 691.21 1.6 1085.75 664.98 1.6
864.16 538.04 1.6 856.05 510.09 1.6
764.81 1048.93 1.6 799.82 1047.89 1.6
1180.61 532.85 1.6 1180.58 510.61 1.6
949.36 73.21 1.6 927.67 71.07 1.6
771.4 19.57 1.6 741.65 19.57 1.6
107.57 87.04 1.6 97.37 99.04 1.6
482.56 1086.25 1.6 508.79 1086.32 1.6
342.39 434.18 1.6 328.74 451.89 1.6
791.04 528.32 1.6 780.88 504.07 1.6
512.04 381.56 1.6 487.52 392.2 1.6
191.94 1113.3 1.6 208.99 1118.46 1.6
1041.73 325.34 1.6 1036.7 302.43 1.6
1010.98 55.78 1.6 967.42 49.39 1.6
183.86 1071.83 1.6 187.04 1073.91 1.6
701.36 501.45 1.6 698.72 498.11 1.6
136.04 945.14 1.6 142.44 961.79 1.6
473.64 1116.04 1.6 517.62 1116.12 1.6
152.81 486.37 1.6 154.83 506.09 1.6
733.91 709.83 1.6 751.18 684.98 1.6
498.06 501.28 1.6 496.02 503.95 1.6
90.7 886.75 1.6 90.73 887.15 1.6
1047.7 747.54 1.6 1047.17 713.64 1.6
511.44 546.52 1.6 504.01 558.74 1.6
65.67 149.34 1.6 59.92 176.91 1.6
717.44 1086.25 1.6 743.29 1086.48 1.6
227.58 999.9837 1.6 256.88 1021.09 1.6
141.08 1165.95 1.6 176.29 1172.36 1.6
823.37 1180.07 1.6 846.6 1179.38 1.6
835.37 729.11 1.6 856.23 689.58 1.6
897.81 1036.39 1.6 935.39 1023.93 1.6
577.59 459.64 1.6 570.21 461.43 1.6
1151.51 963.11 1.6 1154.59 932.18 1.6
125.89 122.97 1.6 118.99 131.08 1.6
531.1 440.74 1.6 519.18 445.75 1.6
769.69 559.95 1.6 758.86 530.15 1.6
722.5 838.57 1.6 729.24 835.66 1.6
174.58 60.44 1.6 145.11 66.91 1.6
428.6 1180.43 1.6 458.35 1180.43 1.6
717.56 727.34 1.6 733.91 709.83 1.6
682.39 1116.13 1.6 726.36 1116.04 1.6
761.09 725.84 1.6 772.95 707.94 1.6
1056.42 1132.5 1.6 1090.57 1113.88 1.6
118.99 131.08 1.6 108.1 149.35 1.6
1136.24 850.43 1.6 1137.34 818.51 1.6
363.97 574.09 1.6 363.97 574.09 1.6
515.54 820.04 1.6 530.44 826.34 1.6
945.55 102.29 1.6 934.55 99.06 1.6
472.7 539.54 1.6 460.69 573.27 1.6
539.17 1139.35 1.6 556.52 1139.28 1.6
458.35 1180.43 1.6 480.69 1180.58 1.6
708.19 1161.17 1.6 752.86 1160.85 1.6
158.52 587.45 1.6 158.52 612.55 1.6
1086.25 717.44 1.6 1086.32 691.21 1.6
543.48 402.24 1.6 527.59 409.29 1.6
467.69 406.03 1.6 452.31 416.35 1.6
698.72 498.11 1.6 696.08 496.03 1.6
551.7 1161.22 1.6 596.13 1161.21 1.6
496.02 503.95 1.6 472.7 539.54 1.6
1113.21 837.23 1.6 1113.38 832.23 1.6
811.95 39.85 1.6 805.44 39.85 1.6
674.69 672.26 1.6 685.7 657.95 1.6
1160.85 439.82 1.6 1160.14 394.56 1.6
818.47 384 1.6 795.79 365.4 1.6
1180.61 637.2 1.6 1180.6 614.97 1.6
327 595.28 1.6 327 604.73 1.6
390.96 489.68 1.6 379.36 516.98 1.6
1058.37 240.38 1.6 1050.73 226.24 1.6
424.52 496.01 1.6 424.52 496.01 1.6
20.62 846.6 1.6 20.62 875.14 1.6
646.62 622.35 1.6 650.23 610.95 1.6
836 626.26 1.6 836.04 625.9 1.6
182.93 89.91 1.6 163.61 97.65 1.6
1050.8 975.32 1.6 1055.49 967.39 1.6
444.37 521.85 1.6 440.08 532.45 1.6
35.37 1064.23 1.6 35.37 1075.06 1.6
556.52 1139.28 1.6 591.3 1139.27 1.6
731.05 365.83 1.6 729.59 364.69 1.6
726.68 318.95 1.6 710.86 307.39 1.6
1072.39 34.62 1.6 1059.6 34.62 1.6
532.64 792.78 1.6 546.48 798.63 1.6
570.21 461.43 1.6 535.97 474.34 1.6
840.04 410.9 1.6 818.47 384 1.6
55.17 192.04 1.6 49.32 232.81 1.6
1089.25 223.44 1.6 1073.49 187.44 1.6
75.39 1142.0301 0 117.17 1119.03 0
106.01 1109.0147 0 144.92 1089.11 0
432.16 763.7214 0 418.11 797.14 0
579.74 647.7199 0 619.7401 647.7199 0
465.71 753.1391 0 454.71 742.88 0
117.17 1119.0322 0 106.01 1109.01 0
619.7799 647.7199 0 622.2801 647.7199 0
407.57 786.4584 0 390.05 823.08 0
83 1149.47 0 49.41 1149.47 0
196.92 1033.0451 0 185.77 1023.02 0
390.05 823.0831 0 378.89 812.97 0
83 1149.47 0 75.39 1142.03 0
579.74 647.7199 0 568.14 638.01 0
442.7 774.4071 0 432.16 763.72 0
158.29 1052.6379 0 196.92 1033.05 0
477.32 721.9764 0 465.71 753.14 0
454.71 742.8751 0 442.7 774.41 0
131.63 1081.3864 0 170.35 1061.69 0
540.44 684.053 0 528.21 674.93 0
568.14 638.0114 0 540.44 684.05 0
619.76 647.7 0 619.7799 647.7199 0
170.35 1061.6917 0 158.29 1052.64 0
488.38 732.1784 0 477.32 721.98 0
216.05 990.36 0 216.05 975.81 0
528.21 674.9284 0 512.7 709.7 0
216.05 975.81 0 378.89 812.97 0
49.41 1149.47 0 28.361291 1170.518709 0
622.2801 647.7199 0 622.3 647.7 0
418.11 797.143 0 407.57 786.46 0
512.7 709.6975 0 500.35 700.69 0
144.92 1089.115 0 131.63 1081.39 0
619.7401 647.7199 0 619.76 647.7 0
185.77 1023.0151 0 227.58 999.98 0
500.35 700.6885 0 488.38 732.18 0
227.58 999.9837 0 216.05 990.36 0
