# FieldLine Chassis Parameters
# 01/29/2025, 17:20:48
# Channel X Y Z Cal
00:01      25.120     -1.635      1.826      1.00000e+00
00:02         nan        nan        nan      1.00000e+00
00:03     -11.797    -11.239      4.112      1.00000e+00
00:04      20.986     -4.952      0.222      1.00000e+00
00:05         nan        nan        nan      1.00000e+00
00:06         nan        nan        nan      1.00000e+00
00:07         nan        nan        nan      1.00000e+00
00:08     -23.403      1.072      3.604      1.00000e+00
00:09         nan        nan        nan      1.00000e+00
00:10         nan        nan        nan      1.00000e+00
00:11      -0.596      6.320    -19.085      1.00000e+00
00:12         nan        nan        nan      1.00000e+00
00:13         nan        nan        nan      1.00000e+00
00:14      24.733     -0.733     -3.363      1.00000e+00
00:15     -18.904     -2.621     -3.527      1.00000e+00
00:16      22.361      1.156      3.044      1.00000e+00
01:01       6.119     14.036     -6.007      1.00000e+00
01:02         nan        nan        nan      1.00000e+00
01:03       7.343     -3.640    -20.959      1.00000e+00
01:04      -8.210      1.855    -21.044      1.00000e+00
01:05         nan        nan        nan      1.00000e+00
01:06       3.791     -4.719    -20.709      1.00000e+00
01:07         nan        nan        nan      1.00000e+00
01:08      12.166     -1.415    -19.397      1.00000e+00
01:09      11.552      3.223    -17.372      1.00000e+00
01:10      25.445     -5.228      7.878      1.00000e+00
01:11         nan        nan        nan      1.00000e+00
01:12         nan        nan        nan      1.00000e+00
01:13      24.555     -5.458     -6.120      1.00000e+00
01:14     -13.314     -4.935     -2.221      1.00000e+00
01:15      15.215     -1.745     -3.277      1.00000e+00
01:16      23.398     -8.628      1.485      1.00000e+00
