# FieldLine Chassis Parameters
# 07/12/2024, 18:36:06
# Channel X Y Z Cal
00:01       5.865     -0.636     -3.419      1.00000e+00
00:02         nan        nan        nan      1.00000e+00
00:03       9.421      0.686     -3.113      1.00000e+00
00:04       1.954      0.400     -4.314      1.00000e+00
00:05         nan        nan        nan      1.00000e+00
00:06       9.020      3.683     -0.026      1.00000e+00
00:07         nan        nan        nan      1.00000e+00
00:08      -5.696     -2.624     -1.866      1.00000e+00
00:09         nan        nan        nan      1.00000e+00
00:10         nan        nan        nan      1.00000e+00
00:11       5.758     -2.148     -2.425      1.00000e+00
00:12       6.564      1.798     -3.453      1.00000e+00
00:13         nan        nan        nan      1.00000e+00
00:14       7.503     -1.445     -4.036      1.00000e+00
00:15       0.534     -2.990     -1.971      1.00000e+00
00:16       4.192     -0.396     -1.988      1.00000e+00
01:01     -12.616     -1.881     -0.670      1.00000e+00
01:02         nan        nan        nan      1.00000e+00
01:03       2.305     -2.351      0.912      1.00000e+00
01:04     -16.888      2.125      2.687      1.00000e+00
01:05         nan        nan        nan      1.00000e+00
01:06       6.751     -1.868     -1.553      1.00000e+00
01:07         nan        nan        nan      1.00000e+00
01:08       6.675      0.763      3.908      1.00000e+00
01:09       6.226      0.583      1.056      1.00000e+00
01:10       5.785     -4.352     -0.088      1.00000e+00
01:11         nan        nan        nan      1.00000e+00
01:12         nan        nan        nan      1.00000e+00
01:13       4.361     -2.804     -2.462      1.00000e+00
01:14      13.630     -0.696      0.949      1.00000e+00
01:15      -7.890     -0.403      5.899      1.00000e+00
01:16       8.807     -0.376      3.837      1.00000e+00
