# FieldLine Chassis Parameters
# 01/29/2025, 17:27:31
# Channel X Y Z Cal
00:01       5.598     -1.249     -1.590      1.00000e+00
00:02         nan        nan        nan      1.00000e+00
00:03       5.861     -2.408     -1.755      1.00000e+00
00:04       1.842     -0.037      0.636      1.00000e+00
00:05         nan        nan        nan      1.00000e+00
00:06         nan        nan        nan      1.00000e+00
00:07         nan        nan        nan      1.00000e+00
00:08      -5.656     -2.218     -1.252      1.00000e+00
00:09         nan        nan        nan      1.00000e+00
00:10         nan        nan        nan      1.00000e+00
00:11       3.729     -2.198     -0.571      1.00000e+00
00:12         nan        nan        nan      1.00000e+00
00:13         nan        nan        nan      1.00000e+00
00:14       5.046     -1.362     -1.000      1.00000e+00
00:15      -0.040     -5.161      2.050      1.00000e+00
00:16       4.383     -3.070     -1.755      1.00000e+00
01:01      -8.290      0.140     -1.375      1.00000e+00
01:02         nan        nan        nan      1.00000e+00
01:03       5.830     -1.289     -0.966      1.00000e+00
01:04     -14.164     -0.336     -1.179      1.00000e+00
01:05         nan        nan        nan      1.00000e+00
01:06       4.597     -0.889     -0.602      1.00000e+00
01:07         nan        nan        nan      1.00000e+00
01:08       3.093     -3.856     -1.911      1.00000e+00
01:09       4.423     -1.598      0.721      1.00000e+00
01:10       9.074     -0.157     -0.798      1.00000e+00
01:11         nan        nan        nan      1.00000e+00
01:12         nan        nan        nan      1.00000e+00
01:13       6.364     -0.400     -0.980      1.00000e+00
01:14       6.266     -0.080     -0.574      1.00000e+00
01:15      -4.508      1.405     -0.571      1.00000e+00
01:16       6.021     -1.069      1.224      1.00000e+00
