# FieldLine Chassis Parameters
# 12/09/2024, 16:02:00
# Channel X Y Z Cal
00:01       2.109     14.955      1.815      1.00000e+00
00:02         nan        nan        nan      1.00000e+00
00:03       3.467     14.239     -3.130      1.00000e+00
00:04      -1.851     14.269     -0.511      1.00000e+00
00:05         nan        nan        nan      1.00000e+00
00:06         nan        nan        nan      1.00000e+00
00:07         nan        nan        nan      1.00000e+00
00:08      -3.622    -16.444     -1.704      1.00000e+00
00:09         nan        nan        nan      1.00000e+00
00:10         nan        nan        nan      1.00000e+00
00:11       7.730    -17.463     -1.573      1.00000e+00
00:12         nan        nan        nan      1.00000e+00
00:13         nan        nan        nan      1.00000e+00
00:14       8.758    -18.079      0.432      1.00000e+00
00:15      -0.231     13.183      1.216      1.00000e+00
00:16       2.118     15.588     -1.159      1.00000e+00
01:01     -13.688     14.762     -0.486      1.00000e+00
01:02         nan        nan        nan      1.00000e+00
01:03       2.523     14.522      1.207      1.00000e+00
01:04     -14.267     15.994     -2.124      1.00000e+00
01:05         nan        nan        nan      1.00000e+00
01:06       5.509    -18.904      0.511      1.00000e+00
01:07         nan        nan        nan      1.00000e+00
01:08       6.101    -19.760      0.346      1.00000e+00
01:09       5.932    -19.407      0.290      1.00000e+00
01:10       6.079     13.833      0.506      1.00000e+00
01:11         nan        nan        nan      1.00000e+00
01:12         nan        nan        nan      1.00000e+00
01:13       4.361     13.763     -1.695      1.00000e+00
01:14      10.475    -19.207      0.043      1.00000e+00
01:15      -8.344     15.355      0.892      1.00000e+00
01:16       8.041    -17.616      2.178      1.00000e+00
