# FieldLine Chassis Parameters
# 12/09/2024, 16:40:02
# Channel X Y Z Cal
00:01       3.200     -2.531      0.977      1.00000e+00
00:02         nan        nan        nan      1.00000e+00
00:03       5.024     -1.915     -0.193      1.00000e+00
00:04       7.285     -1.076      0.341      1.00000e+00
00:05         nan        nan        nan      1.00000e+00
00:06         nan        nan        nan      1.00000e+00
00:07         nan        nan        nan      1.00000e+00
00:08      -5.229     -2.018      0.207      1.00000e+00
00:09         nan        nan        nan      1.00000e+00
00:10         nan        nan        nan      1.00000e+00
00:11       7.534     -4.059      0.349      1.00000e+00
00:12         nan        nan        nan      1.00000e+00
00:13         nan        nan        nan      1.00000e+00
00:14      10.133     -1.229      0.608      1.00000e+00
00:15       1.108     -2.664      1.292      1.00000e+00
00:16       2.786     -1.705      0.344      1.00000e+00
01:01     -12.429      0.503      0.301      1.00000e+00
01:02         nan        nan        nan      1.00000e+00
01:03       9.750     -1.009      0.196      1.00000e+00
01:04     -14.316      2.381      0.241      1.00000e+00
01:05         nan        nan        nan      1.00000e+00
01:06       6.831     -1.931      0.358      1.00000e+00
01:07         nan        nan        nan      1.00000e+00
01:08       6.510     -2.214     -0.341      1.00000e+00
01:09       6.898     -2.098      0.125      1.00000e+00
01:10       7.120     -2.817     -0.196      1.00000e+00
01:11         nan        nan        nan      1.00000e+00
01:12         nan        nan        nan      1.00000e+00
01:13       4.001     -2.091     -2.173      1.00000e+00
01:14      10.894     -1.518      1.020      1.00000e+00
01:15      -9.372     -3.297      0.770      1.00000e+00
01:16       7.903     -1.725     -0.872      1.00000e+00
