# FieldLine Chassis Parameters
# 12/09/2024, 17:14:57
# Channel X Y Z Cal
00:01       4.508     -1.086      1.684      1.00000e+00
00:02         nan        nan        nan      1.00000e+00
00:03       5.389     -2.854     -0.437      1.00000e+00
00:04      -0.040     -1.795      0.818      1.00000e+00
00:05         nan        nan        nan      1.00000e+00
00:06         nan        nan        nan      1.00000e+00
00:07         nan        nan        nan      1.00000e+00
00:08      -4.196     -2.118     -0.091      1.00000e+00
00:09         nan        nan        nan      1.00000e+00
00:10         nan        nan        nan      1.00000e+00
00:11       2.505     -2.331     -0.275      1.00000e+00
00:12         nan        nan        nan      1.00000e+00
00:13         nan        nan        nan      1.00000e+00
00:14       4.659     -0.070      0.951      1.00000e+00
00:15       2.345     -4.905      0.437      1.00000e+00
00:16       2.750     -2.811     -0.108      1.00000e+00
01:01      -8.379     -1.332      0.613      1.00000e+00
01:02         nan        nan        nan      1.00000e+00
01:03       3.427     -0.057      0.608      1.00000e+00
01:04      -8.807      2.001     -0.412      1.00000e+00
01:05         nan        nan        nan      1.00000e+00
01:06       1.072     -0.876      1.122      1.00000e+00
01:07         nan        nan        nan      1.00000e+00
01:08       0.761     -5.218     -0.542      1.00000e+00
01:09       1.295     -1.175      0.389      1.00000e+00
01:10       6.866     -0.912     -0.622      1.00000e+00
01:11         nan        nan        nan      1.00000e+00
01:12         nan        nan        nan      1.00000e+00
01:13       6.662     -0.350     -1.642      1.00000e+00
01:14       5.678     -0.576      0.571      1.00000e+00
01:15      -4.917      0.110      1.727      1.00000e+00
01:16       4.748     -2.078      0.293      1.00000e+00
